856646295724228609
334087858518491136
522415091677790208
405397616353083394
416799090769264650
293365021348593664
322686579212812288
201570819820879873
718434406733447180
218439346972393492
698852087555031084
469973802659479552
812765835373969448
747612697054675064
500078785283227648
790952922409992212
710212909505970296
541749805949648911
766101709281689600
514144331888590850
629491084661358592
86242167101607936
271725326042791936
432291418472710155
503331247880273920
354820474158579713
244901141652045824
588074279732510728
627251174986350603
88420905574744064
325453755904425984
797661644716638208
730938385119576094
425748749462274048
859314165839822848
662696805263343616
735983240057192542
287409298676514816
100382320665571328
304643576418009089
803755343544713217
441602972401664011
770433045403664435
345664228104863755
746389987406118912
713128827198636086
344961938993971200
574998564401446912
607363812277878805
451814320586883083
601926937924861962
513884666235715587
785732201798172712
518962891160944652
296492101582061568
757106711378264124
669179056461185094
579425582597668864
190547369060859904
664560045777747987
828354565698879518
518599297927872572
452403448890130432
693641898665050124
917806576750960731
770888786955206666
870701676804325437
678749063994277913
581241316508303405
855388557237813280
762460255254216755
247039748990828544
531748375414964258
759807539453493259
690539884812828723
322978308495114261
859278953687416883
855971533184434187
296914272779501569
796488793620348959
355868982798057473
719587081726459975
272357066004496384
668467764909965366
889851524501635152
701915303109722143
788134468048125953
497454458205372465
580673860937056256
672674611800047626
924676612279119972
103961598191759360
149333918548492288
719720686553137232
802608018008702976
725686446463385711
505247124682702850
641036041565896755
453584638724800523
467149245229826059
442416944164110336
662647871568478218
552046987575558174
577248500471955489
297446169033048076
859163542787063838
539470313130426399
749474782411489340
709815457363787927
702218787272785950
766743205186109440
662570717765697559
670092322997927987
693790392285397103
267355549266345984
480067805115318303
740946512690937927
785521619555581972
110614025653481472
433081299297894403
399050881158348802
751832703883673653
401823861064073216
403394070161915915
777630846646878228
707603757046956172
914169931199836181
586247463166410860
867977533352714281
826932091769716736
235559605969616896
920936396112424960
613408945310007297
794482283993235478
472757192609759272
611018752116391937
552818924585222146
292594520443322368
745771725131874356
477566592700645377
696904794681638924
926042417415716894
737081560989302895
500941654166077440
806426713092915220
305790612395786240
828298355158941728
536629240121131046
865791891765329940
552279751876673537
335488036890476556
583011390109778109
716045016761368577
744524613991661630
856358480792125450
254758094935031808
688715545826033672
670998615187259392
725992393777610772
592333703087128576
590961462957047849
786735454577754143
696132099593338922
321429767150632960
849766985423388712
472860653313327125
526100715177902128
789183758716502076
162586524641132544
705505199867035700
576872676128456715
713915763349651527
567479254984425514
806145831014498364
878408870731599873
318150128366125058
462474102205054976
327420775655145472
733159912170848331
363685954311159811
929784928613330944
338447962889781258
328297526274949132
831669108436762624
265582379039588363
264357941916729344
696022722425258054
616678483380404224
295705811785744385
592778614043312158
351849361455579137
860972772783030304
285548086019751937
543445518789902357
550918447194963978
462596474409189376
878409123480363048
680702317963509761
849909258421010452
289899024000090115
605687441482842113
605895253689499649
433376763674886154
817050277064343604
743689407692800090
467327123338559498
901870711516307476
847221788583657513
910979566149963878
274708935494336514
807847473510350859
655123297700413440
752973167697592350
871733611680923688
401181315317366795
471032768659324939
887024221203599512
281229724494200834
215210940898082817
911691381855105105
758787322032029701
599518436082581514
796552539935211531
434541110191194112
446653220488609793
764570090687430707
468804873056419841
518108973212106754
509657526481190922
306176891268759562
876187989259223080
761320489888907284
668302937109561393
919746171826741269
849612273054908467
923423028493312020
491744925231349760
259709684628455424
322458846755028992
808060581197906010
335152595717062656
657760703972769834
518866391009591316
661962210653896705
621797656796332054
246759116587008002
806490789751291905
659017167445950466
787150455633477652
243136322737274881
775965091631464488
390006294335193089
527620394442686508
799864727341105152
442592275134939136
362630233821806592
754798220697403434
465423055699836928
614490005921857544
924685480979759165
469254226980372481
384283890224857089
287373481710977035
481588156001550336
688589946323468527
550089830231441411
683236803729162336
759131196038185022
526225101193084941
534148224123011086
676099328011403332
589273824407715843
692170451362906182
267515560047280128
727605143767482408
640723937809924129
806958963752828959
358382764959203338
276102910062886912
625807681512538132
765164527598829578
234893711203368970
157936370017370112
836638292158054441
888173489914249216
777984062513741825
730579335609581628
788893307799207937
271750452956102666
311267817104211968
716062073485918228
396829247349587968
611575497083846666
541696894548836383
449394271553060864
319438530872999938
403626080491143168
673299018687709184
813375363437690931
715978538087481395
451788339369082880
361496805680349184
844941907192971275
530812766756405269
536279493602705462
566314655857901600
677021719982243861
600367503482290176
617570858353033247
317054204734603265
852314561860468736
864899848087404554
696031025163403375
748632851754516585
425052926646419466
710055395309387796
663409248641744908
450300867422322689
186405049247727616
415432440186667029
761083545758203935
791015234110226432
653570013336305684
826824707926917181
380152113055006720
681217579217584145
343419980618137601
858733652946976819
868882558677553162
596121921913880610
544523493962809354
214316184206704641
856319699846299661
445736487527383041
271448686318321665
510887943108558848
753348289956413501
355880459785469953
239508252587458560
594633357812563968
801790030301102120
526094317518061581
504772494201323541
595638045835919370
459021516521078794
203214154692165642
273897095885357056
363400126338826241
522615646765449219
463020918558687234
722846499926441995
872239720225181749
290537107737542667
243173189042176000
688612565571469334
719838182090473512
720080962335014962
414864388307025920
759622088960376852
687384049236312064
338585598820352000
722186315486986283
433971036560818187
816412298364321823
778289879138041926
196446504376860672
227809721594150912
569177067086807080
762434316281970708
541175679425708037
405482385921277965
165179057804148737
715550342351159337
742495706002096268
746704375149494302
856332377537642546
660673901474611241
435133692910764034
914932481789145198
497877006935916544
870444237190213682
522346634416488450
466892964342267904
421713308199157787
841297385472131082
857449881652035614
270194090820370432
830258860069355520
523286733379338241
532983535410085888
639224382643765249
482027465099706369
511067996211642368
274915778761981952
810847560205205506
471413420571361287
493216344058363914
838059495552581733
492869860322443274
584097702296551425
439512122511196181
541269957015765012
640687331044753419
449602568373403648
725383994840973423
634363722080452618
363516054585999372
475809622775562241
739957578158571552
458673796279304208
347956170788438018
341165037215416321
707198519806525471
349396171011391490
511231217895735336
330015826726092802
737961298473517116
770227968101711872
690867374571913277
266206281352740865
888866945271726080
241956166282903552
820709526318743573
350226811856355328
315693471434539018
295643583753748481
540631453034348570
605133555026362388
151838661191794688
426416766978228226
385272484447911936
740845927790673963
747348832018366494
346235394406350850
558863220874543161
789769942340730890
650297986710110208
331579785837019137
376239728414162946
786966306159198208
266401880362450944
714058615413014539
357747099355578371
104063826999115776
893292091642368060
514193842832932884
431876542402920448
269897482379591680
848986787942236200
641927169039138817
632998711223386172
711411952802594838
709057188890542081
723027708455419956
393953877554364418
465364640394903553
669967438758281218
477780826919272450
877972040664109067
131776524331253760
623271222012280837
764655195786575873
303426465343733762
703778465786232862
788488141950550086
673319427877371925
824752606055366691
715035824139403294
837718965437333565
404035878223347736
419188360888975360
247475963800190976
274582752735789056
642361965397803031
191048337032478720
658898334475616267
361214259100778496
263307110547193866
515843020592250890
742879443441287198
518242587623161857
466455671886577664
804560512369033216
761171152608952350
675574445875658759
893963746358214667
880929055719977081
566025915839283220
273852616176304150
601463480742182978
655153749689630762
414778353799790593
532373646543683584
692312677472796784
798279858127765508
394097285631442945
586308404809695233
593430401922498572
405942036273823744
521484597964439569
254708548360077313
265627952161488896
186197923019751425
436941058618818560
683734050112012447
537272235761860608
574328832207880203
721939187208683550
416322054397231106
251828049555750912
342706237093183489
548768130021720084
747901863260848234
708031256398528532
458417723165245442
247341929497493505
464578204137553931
164028166447431680
408738973293346817
345706947795877898
660500519273627672
348388871358382080
517810309184880652
342080537252593665
435476760696586242
578321704971927562
195599646838489089
222090694066438155
580199258561576961
108569776183357440
455247947265867777
289425313413332992
382033617255268355
893613489057329152
272809295215591425
378684474654720012
516333697163853828
722695444085604354
407992585093644288
459587109708365854
771911134025482270
681295228694560778
747474539428184064
710043580403548200
250380742423478273
723280403410059265
470585608562147339
231928756757856256
282164560163766272
835282682191413260
495738386963890177
327245089678032897
703690575202746500
550078056102887499
919326321933447169
334955803041726464
821076940252250162
496440747919278100
779406328740839445
285772790206824448
396818467749363713
579682744179884054
422498639055683604
682117679305326666
555407218053480458
878310279371444315
463844845874577408
409492245994274827
514950217347629066
583755151056306203
408394401736425474
727865476729798658
490099540574339075
736259055710109789
456099536880926721
441019893152743425
605791157770911764
193060830613340160
315258416912400384
529652667077885972
215595048140537866
896823893396947014
455201537791098891
627811393906671627
222007553305870336
780112080967172127
254459177424912396
881826309901254718
352853986312978442
346777438585618432
267164778818961408
599380865230962717
329131720546844673
795024037537382411
775397947260010507
397975644694380545
724306539682201670
812320851667320892
428564936965226497
293094702079541250
571093973481947147
584505747594018817
714908968203452486
722948058517864449
435606524900016130
923392818913874000
622324424074330142
482911415812882432
685845174974283864
838120020131053578
536050627113910282
420662721273397252
442066376706752513
833724514755805194
492864295068106756
227168264260812800
323927628509872129
909144399085207623
449277113942540299
559118082388394005
641760168237072416
792906160234954782
443527637797830657
429064622293778443
924682075032944650
765548438656909333
822571014855721020
830265388784156683
477497686967451668
503741361858805763
677245253517836328
743777917426860104
422073352526495754
527548038173032478
512344488824274944
329232292985831425
284091178767613952
894599050928746507
273624589823639553
757607259881865270
924711214746066947
490731676067037205
701866927097774111
747642018561261660
562808332818186240
655598624687783976
432509498574503947
688837520217341992
412018245160271874
640935364722425881
698785830528876545
347617792687603712
175688294137462784
931902706174537739
443356088365219840
901846489960181771
731316912281092158
900275905660858408
385770061828325376
603644195122708480
277287199085428737
693075642400505878
690181803104796713
515631768997724171
660217460720533524
482732411503771649
502511902195318826
594792726814523403
353791940749295617
437381510757351426
367289885272571911
485867466812293120
872789017861718046
281773815120527363
544917010237095936
590500962716876821
730618398442258514
403296411623620608
415607679604621342
712439587305160744
98520649445691392
448516413972545546
408722567260536844
818249299393380395
284479093443919872
652897115084947478
795737407642402831
449991734227894283
785781566714544128
852590033234821120
309364034765979648
404370078793072642
339598679881154561
568562735026012172
729741643107926087
360185687762272258
213949738981130240
559494873099796485
594372059250032650
221249008520134668
843958548404895744
689783848317616162
268135106378596352
690508448135249921
566664379744124953
747672572430254121
608405762917531648
830916104619688057
722526409725182105
581997731040722964
590844283938930703
821055960171675738
670986327155539980
905526636043182101
560356706492874752
749577919285690389
237220906022207488
732915488031637595
733009046642098237
501604978599919626
474017421603373067
630341281079361558
414193608938225674
539322589391093780
772723841864040449
581987157175042060
180995139823468544
469112286406246403
847221920884719673
776895463461879879
688546485834612853
726182298118127706
414245159622934529
852992862403559444
531986206339104849
854369271845355530
838577492319010836
853710864561340468
417772831087001601
863413366499704872
526827948020465665
429924552269889546
617335071166300201
622805028582981644
327851760888578048
402284458801364992
907488436741615658
617302673234067466
929153984147619921
474426164790689793
504456925400793098
704352902335955076
735637084877881515
694192219082457098
727675724349046825
753370084378148905
661489491684491265
768227144550580244
589273626730168332
775705099829116939
593970979202662400
682262466998304832
580437225024520311
763774745065816096
259683041981628417
349226153774678016
843924959537659935
381262225580490755
870441749061984287
838558949254103052
809825678706081813
405274716631334914
869966016724226048
793147119937519628
656180936362295296
710333665699299379
725302160866279475
344206672861855744
399703520414007297
382962838479831053
523914024665219077
731313041219780629
686674084347772983
773172497431920640
852259092448935946
832283873274363974
812026569135751179
531126973771284491
903168325830463488
608832208345628683
428254332329132034
479740804605280258
782741264956653568
738970874480164905
358007990542139393
556226861286555709
809931842022015036
809750517483307058
850051460368826388
778453784367202344
708771602615107644
926666241479942204
695441639765704756
480882489502597124
614123223965106232
807292657662689350
683838403128590339
777958960716185632
767474796723437618
733919085267517511
899713959274360842
924680277568147508
490885628440084483
689779851078533289
259304598932553728
420339298781495297
718027582842470440
491392411097104384
896898389181071371
451822075376828436
745692633753714788
718575683751772242
808744497123033138